0.32949454362900144
0.36853661699513796
0.5965344201709588
0.755669497321398
0.5508815228778404
0.47386141256551606
0.3421762050763185
0.7721618336937405
0.5017042916937403
0.5840385264458624
0.4520125684733219
0.7114035370710567
0.37885264153594045
0.6561313503503382
0.5788069053975403
0.6939674585038587
0.3443694247663588
0.3723603979061625
0.47458464149611623
0.8888317112125734
1.4409701683948106
1.0718787010886235
1.2867396217999605
1.403248920057302
2.0296277825237024
3.553080224690663
3.486213391886563
2.80158340277376
3.240173366171862
3.057480306399487
3.180806028956104
3.245108118845837
2.8803209269874013
3.163367726496148
3.125935000992019
3.535505813477737
3.518323938778246
3.8714482574181583
6.561000000000002
6.561000000000002
6.561000000000002
6.561000000000002
6.561000000000002
6.561000000000002
6.561000000000002
6.561000000000002
6.561000000000002
6.561000000000002
6.561000000000002
6.561000000000002
6.561000000000002
6.561000000000002
6.561000000000002
6.561000000000002
6.561000000000002
6.561000000000002
6.561000000000002
6.561000000000002
6.561000000000002
6.561000000000002
6.561000000000002
6.561000000000002
6.561000000000002
6.561000000000002
6.561000000000002
6.561000000000002
6.561000000000002
6.561000000000002
6.561000000000002
6.561000000000002
6.561000000000002
6.561000000000002
6.561000000000002
6.561000000000002
6.561000000000002
6.561000000000002
6.561000000000002
6.561000000000002
6.561000000000002
6.561000000000002
6.561000000000002
6.561000000000002
6.561000000000002
6.561000000000002
6.561000000000002
6.561000000000002
6.561000000000002
6.561000000000002
6.561000000000002
