0.6072201697164791
0.5141119296045163
0.36263005007396243
0.6175338306762809
0.36688935953551605
0.9209663651677361
0.8149524897320627
0.3431689576868218
0.5308185682840199
0.465166986082383
0.31998552265699765
0.6754961642487793
0.4570178440372198
0.42092431421053456
0.5428479876931993
0.6694819798044326
0.3403200570494774
0.5316073544976956
1.288807744241496
1.4899014756264015
1.5891689342481015
1.156251619443357
1.537916350190183
1.2437106927930417
1.4590323309069573
1.4329078920512808
1.2644478505506016
1.368181761828381
1.1582511137760894
1.8654464277334073
2.3932671488543393
1.9243553497667245
2.825247595294386
2.510800432838997
2.415689246970384
3.090645973151325
2.732873426428522
2.6474759967589225
2.035793289589542
2.8036402616912004
2.930249000033719
2.3644021457637208
3.794296792986358
4.432401139797578
4.374907180512682
4.6261022620615195
4.5891418904687775
4.454043307197199
4.694829391842756
4.308750232021476
4.514439583249279
4.7494206060199335
4.827921864695493
4.465553788271401
4.99063790133244
6.561000000000002
6.561000000000002
6.561000000000002
6.561000000000002
6.561000000000002
6.561000000000002
6.561000000000002
6.561000000000002
6.561000000000002
6.561000000000002
6.561000000000002
6.561000000000002
6.561000000000002
6.561000000000002
6.561000000000002
6.561000000000002
6.561000000000002
6.561000000000002
6.561000000000002
6.561000000000002
6.561000000000002
6.561000000000002
6.561000000000002
6.561000000000002
6.561000000000002
6.561000000000002
6.561000000000002
6.561000000000002
6.561000000000002
6.561000000000002
6.561000000000002
6.561000000000002
6.561000000000002
6.561000000000002
6.561000000000002
6.561000000000002
6.561000000000002
6.561000000000002
6.561000000000002
6.561000000000002
6.561000000000002
6.561000000000002
6.561000000000002
6.561000000000002
6.561000000000002
6.561000000000002
6.561000000000002
6.561000000000002
6.561000000000002
6.561000000000002
6.561000000000002
6.561000000000002
6.561000000000002
6.561000000000002
6.561000000000002
6.561000000000002
6.561000000000002
6.561000000000002
6.561000000000002
6.561000000000002
6.561000000000002
6.561000000000002
6.561000000000002
6.561000000000002
6.561000000000002
6.561000000000002
6.561000000000002
6.561000000000002
6.561000000000002
6.561000000000002
6.561000000000002
6.561000000000002
6.561000000000002
6.561000000000002
6.561000000000002
6.561000000000002
6.561000000000002
6.561000000000002
6.561000000000002
6.561000000000002
6.561000000000002
6.561000000000002
6.561000000000002
6.561000000000002
6.561000000000002
6.561000000000002
6.561000000000002
6.561000000000002
6.561000000000002
6.561000000000002
6.561000000000002
6.561000000000002
6.561000000000002
6.561000000000002
6.561000000000002
6.561000000000002
6.561000000000002
6.561000000000002
6.561000000000002
6.561000000000002
6.561000000000002
6.561000000000002
6.561000000000002
6.561000000000002
6.561000000000002
6.561000000000002
6.561000000000002
6.561000000000002
6.561000000000002
6.561000000000002
6.561000000000002
6.561000000000002
6.561000000000002
6.561000000000002
6.561000000000002
6.561000000000002
6.561000000000002
6.561000000000002
6.561000000000002
6.561000000000002
6.561000000000002
6.561000000000002
6.561000000000002
6.561000000000002
6.561000000000002
6.561000000000002
6.561000000000002
6.561000000000002
6.561000000000002
6.561000000000002
6.561000000000002
6.561000000000002
6.561000000000002
6.561000000000002
6.561000000000002
6.561000000000002
6.561000000000002
6.561000000000002
6.561000000000002
6.561000000000002
6.561000000000002
6.561000000000002
6.561000000000002
6.561000000000002
6.561000000000002
6.561000000000002
6.561000000000002
6.561000000000002
6.561000000000002
6.561000000000002
6.561000000000002
6.561000000000002
6.561000000000002
6.561000000000002
6.561000000000002
6.561000000000002
6.561000000000002
6.561000000000002
6.561000000000002
6.561000000000002
6.561000000000002
6.561000000000002
6.561000000000002
6.561000000000002
6.561000000000002
6.561000000000002
6.561000000000002
6.561000000000002
6.561000000000002
6.561000000000002
6.561000000000002
6.561000000000002
6.561000000000002
6.561000000000002
6.561000000000002
6.561000000000002
6.561000000000002
6.561000000000002
6.561000000000002
6.561000000000002
6.561000000000002
6.561000000000002
6.561000000000002
6.561000000000002
6.561000000000002
6.561000000000002
6.561000000000002
6.561000000000002
6.561000000000002
6.561000000000002
6.561000000000002
6.561000000000002
6.561000000000002
6.561000000000002
6.561000000000002
6.561000000000002
6.561000000000002
6.561000000000002
6.561000000000002
6.561000000000002
6.561000000000002
6.561000000000002
6.561000000000002
6.561000000000002
6.561000000000002
6.561000000000002
6.561000000000002
6.561000000000002
6.561000000000002
6.561000000000002
6.561000000000002
6.561000000000002
6.561000000000002
6.561000000000002
6.561000000000002
6.561000000000002
6.561000000000002
6.561000000000002
6.561000000000002
6.561000000000002
6.561000000000002
6.561000000000002
6.561000000000002
6.561000000000002
6.561000000000002
6.561000000000002
6.561000000000002
6.561000000000002
6.561000000000002
6.561000000000002
6.561000000000002
6.561000000000002
6.561000000000002
6.561000000000002
6.561000000000002
6.561000000000002
6.561000000000002
6.561000000000002
6.561000000000002
6.561000000000002
6.561000000000002
6.561000000000002
6.561000000000002
6.561000000000002
6.561000000000002
6.561000000000002
6.561000000000002
6.561000000000002
6.561000000000002
6.561000000000002
6.561000000000002
6.561000000000002
6.561000000000002
6.561000000000002
6.561000000000002
6.561000000000002
6.561000000000002
6.561000000000002
6.561000000000002
6.561000000000002
6.561000000000002
6.561000000000002
6.561000000000002
6.561000000000002
6.561000000000002
6.561000000000002
6.561000000000002
6.561000000000002
6.561000000000002
6.561000000000002
6.561000000000002
6.561000000000002
6.561000000000002
6.561000000000002
6.561000000000002
6.561000000000002
6.561000000000002
6.561000000000002
6.561000000000002
6.561000000000002
6.561000000000002
6.561000000000002
6.561000000000002
6.561000000000002
6.561000000000002
6.561000000000002
6.561000000000002
6.561000000000002
6.561000000000002
6.561000000000002
6.561000000000002
6.561000000000002
6.561000000000002
6.561000000000002
6.561000000000002
6.561000000000002
6.561000000000002
6.561000000000002
6.561000000000002
6.561000000000002
6.561000000000002
6.561000000000002
6.561000000000002
6.561000000000002
6.561000000000002
6.561000000000002
6.561000000000002
