0.4934075850580737
0.39401787464276106
0.5582130630546792
0.7802854982214958
0.5249637459988976
0.5784559438824028
0.6913188191333621
0.8704760392855994
0.7550326010624218
1.1881173045342972
0.830653101485614
0.9554883866227357
1.07911927079472
1.3486787321779123
0.9194768641034784
1.0150034563961159
1.3371224590237347
1.4159232272844968
1.6349527960414607
1.9034827626838526
2.076002659790146
2.0221316221206336
2.263726789743034
2.3066737340943044
2.5186332463631818
2.13384258104056
2.2415628137981254
2.3295060826835785
2.1569962974765984
2.1336645984112064
3.1047825534354434
3.286666721487383
3.42247858978853
4.375716778616417
4.100265623404674
3.806905519005816
3.6847452673039625
4.070278154851871
3.8344029909822965
3.746944582253342
4.109356143587766
3.8849574186143805
4.821119767750382
6.561000000000002
6.561000000000002
6.561000000000002
6.561000000000002
6.561000000000002
6.561000000000002
6.561000000000002
6.561000000000002
6.561000000000002
6.561000000000002
6.561000000000002
6.561000000000002
6.561000000000002
6.561000000000002
6.561000000000002
6.561000000000002
6.561000000000002
6.561000000000002
6.561000000000002
6.561000000000002
6.561000000000002
6.561000000000002
6.561000000000002
6.561000000000002
6.561000000000002
6.561000000000002
6.561000000000002
6.561000000000002
6.561000000000002
6.561000000000002
6.561000000000002
6.561000000000002
6.561000000000002
6.561000000000002
6.561000000000002
6.561000000000002
6.561000000000002
6.561000000000002
6.561000000000002
6.561000000000002
6.561000000000002
6.561000000000002
6.561000000000002
6.561000000000002
6.561000000000002
6.561000000000002
6.561000000000002
6.561000000000002
6.561000000000002
6.561000000000002
6.561000000000002
6.561000000000002
6.561000000000002
6.561000000000002
6.561000000000002
6.561000000000002
6.561000000000002
6.561000000000002
6.561000000000002
6.561000000000002
6.561000000000002
6.561000000000002
6.561000000000002
6.561000000000002
6.561000000000002
6.561000000000002
6.561000000000002
6.561000000000002
6.561000000000002
6.561000000000002
6.561000000000002
6.561000000000002
6.561000000000002
6.561000000000002
6.561000000000002
6.561000000000002
6.561000000000002
6.561000000000002
6.561000000000002
6.561000000000002
6.561000000000002
6.561000000000002
6.561000000000002
6.561000000000002
6.561000000000002
6.561000000000002
6.561000000000002
6.561000000000002
6.561000000000002
6.561000000000002
6.561000000000002
6.561000000000002
6.561000000000002
6.561000000000002
6.561000000000002
6.561000000000002
6.561000000000002
6.561000000000002
6.561000000000002
6.561000000000002
6.561000000000002
6.561000000000002
6.561000000000002
6.561000000000002
6.561000000000002
6.561000000000002
6.561000000000002
6.561000000000002
6.561000000000002
6.561000000000002
6.561000000000002
6.561000000000002
6.561000000000002
6.561000000000002
6.561000000000002
6.561000000000002
6.561000000000002
6.561000000000002
6.561000000000002
6.561000000000002
6.561000000000002
6.561000000000002
6.561000000000002
6.561000000000002
6.561000000000002
6.561000000000002
6.561000000000002
6.561000000000002
6.561000000000002
6.561000000000002
6.561000000000002
6.561000000000002
6.561000000000002
6.561000000000002
6.561000000000002
6.561000000000002
6.561000000000002
6.561000000000002
6.561000000000002
6.561000000000002
6.561000000000002
6.561000000000002
6.561000000000002
6.561000000000002
6.561000000000002
6.561000000000002
6.561000000000002
6.561000000000002
6.561000000000002
6.561000000000002
6.561000000000002
6.561000000000002
